#C:\Users\Tong\files\mscProject\code\test6\algorithms\sinkhorn\csvif.py --mode unsupervised --random_seed 42 --input C:\Users\Tong\files\mscProject\code\test6\data\Bavaria\rivers_ts_bavaria_preprocessed.csv --output C:\Users\Tong\files\mscProject\code\test6\result\Bavaria\5\sinkhorn_adj_unsupervised_lag5.txt --save_path C:\Users\Tong\files\mscProject\code\test6\result\Bavaria\5\sinkhorn_unsupervised_model_lag5.pth --max_lags 5 --time C:\Users\Tong\files\mscProject\code\test6\result\Bavaria\5\sinkhorn_unsupervised_time_lag5.txt
# GMT Tue Aug 26 05:58:06 2025
# 
0
1
2
3
4
5
6 5
7
8
9
10
11 934
17
23
24
25
26
27
28 220 1115
29
30
31
32
33
34
35
36 35
37
38
39
40
41
42 41
47
48
49
50
52 387
53
56
57 9 76 757 1127
58
61
62
63
64
68 747
70 643
73
75
76
80 713
81
93 336
94
96
97 96 182
98
104
110 9 94 800
111
112
113
114
118
126 216
128
129
130
131 130
132 131
133 132
134 131 132 133
135
136 135
137
138
140
141
149 397
156
158
159
160
161
165
180
182
183
184
188
189
191
192
193 842
196
202
216 113
218
219
220 76 219
221 28 220
222
223
224
225
228
229
231
232
234
238
239
240
244
246
247
248
249 247
250
251 370
253
261
262
266
267
274
278
279
280
284
285
286 285
287 286
288
289
290
291
292 36
293
294
299
311 690
318 415
319
330
332
333
334
335 333
336 335
337
341
343
347
348
349
350
351
352 351
353
354 353
355
356
357
358
359
360
361
362
363
364 363
365
366
367
368
369
370
371
372
373
375
379
382
383 382
384 715
387
388
396
397
401
402 266
405
406
407
408
415
416
417
418
419
420
423
424 690
428 68
429 722
434
438
448
449
450
451
452
453
454
459
460
461
465
466
473
474
476
477
478
479
480
481
482
483 481
484
485
491
502
503 504
504
505
506
507
508
509
510
514
515
516
517
518
519
522
523 713
524 417 523 713
525
532
533
536 348
537
540
542
543
549
550
551
556
557 556
558
561
574
583
587
588 70 405 699 901 920 950
601
602
603
605
606
607
608
609
615
616
617
618
619
620
622
623
624
628
643
644 643
651
659
661
663
664
667
668
669
670
671
672
673
674
676
677
687
689
690
691
692
693
696
699
703
704
705
707
708
710
711 710
712 711
713 712
714 713
715
716
717
718
720
722
723
724
725
726 725
743
746
747 746
750
751
755
757
763
771
778
779 778
780
781
782
783
784 375
787
788
789
790
800
801
802
803 801
804
805
806
807
808
819
820
825
826
827 826
834 943
838
839
840
841
842
843
853
854
856
857
859
860
861
862
863
882
886 1031
887
898
899
901
903
904
906
914
915 1115
916
917
918
919
920
923
924
925 1030
926
932
934
939 782
942 1156
943
944
945
946
948 36
949
950 949
952
953
959
960
961 1075
963
982
983
984
985
991
993
994
995
996
997
998
999
1000
1001
1002
1004 1030
1005 1066
1006
1007
1012
1026
1027
1028
1029
1030
1031
1042
1043
1045
1046
1047
1051
1052
1053
1064
1065 1064
1066 1064 1065
1067
1068
1069 1068
1070
1075
1076
1077
1078
1081
1082
1088
1089
1090
1103
1105
1106 2
1107
1108
1112
1113
1114
1115
1116
1117
1124 261
1125
1126 7
1127 1126
1128 9 28 57 94 110 220 1127
1133
1140
1141
1156
1157
1158
1159
1160
