#C:\Users\Tong\files\mscProject\code\test6\algorithms\cRNN\csvif.py --input C:\Users\Tong\files\mscProject\code\test6\data\Flood\rivers_ts_flood_preprocessed.csv --output C:\Users\Tong\files\mscProject\code\test6\result\Flood\10\cRNN_adj_lag10.txt --max_lags 10 --time C:\Users\Tong\files\mscProject\code\test6\result\Flood\10\cRNN_time_lag10.txt
# GMT Wed Aug 27 13:27:55 2025
# 
59 59 257 399 547 702 956 957 958 1085
77 77 119 257 431 957 958 1071
119 119 77 176 257 431 957 1072
120 120 77 431 1071
152 152 376
153 153 59
174 174 119 175 475
175 175 59 174 176 177 475
176 176 59 175 177 701 1086
177 177 175 176 700 990
257 257 59 431 547 701 847 958
376 376 378
377 377 77 475 847 1071
378 378 376 1071
393 393 378 395 1072
395 395 119 257 431 956 957 958 1071
398 398 77 119 399 431 569 844 1071 1072
399 399 77 119 177 257 398 431 844 956
431 431 77 119 399 956 1071 1072
475 475 77 119 701 847 958 1071
546 546 77 119 257 431 701 702 1085
547 547 59 546 844 957 958 1085 1086
569 569 59 1083 1084
640 640 59 77 119 257 393 547 844 957 1072
700 700 59 77 119 176 177 475 702 990
701 701 119 175 177 257 475 546 702 1071 1084 1085
702 702 77 175 546 701
706 706 59 77 257 431 547 847 1085 1086
709 709 956 957
824 824 257 475
844 844 119 257 398 399 431 569 990 1072
847 847 59 77 175 257 431 475 546 706 958 1085
956 956 119 431 546 547 957
957 957 399 431 547 956 958
958 958 59 77 119 257 395 431 847 957 1071
990 990 59 77 119 176 177 700 701 1084
1071 1071 77 119 398 431 701 702
1072 1072 77 119 395 398 431 844
1083 1083 59 547 640 844 957 1086
1084 1084 175 701 990
1085 1085 59 77 257 399 546 547 701 702 847
1086 1086 59 547 706 844 1085
