#C:\Users\Tong\files\mscProject\code\test6\algorithms\mvgc\csvif.py --input C:\Users\Tong\files\mscProject\code\test6\data\Flood\rivers_ts_flood_preprocessed.csv --output C:\Users\Tong\files\mscProject\code\test6\result\Flood\10\mvgc_adj_lag10.txt --max_lags 10 --time C:\Users\Tong\files\mscProject\code\test6\result\Flood\10\mvgc_time_lag10.txt
# GMT Mon Aug 25 10:47:15 2025
# 
59 59 77 119 120 152 153 257 378 395 398 399 431 475 546 547 640 701 702 706 844 847 957 958 1071 1072 1083 1084 1085 1086
77 59 77 119 174 176 378 395 475 546 701 702 844 957 958 1071 1072 1083 1084 1085 1086
119 59 77 119 120 152 153 174 177 257 376 377 378 393 395 398 399 431 475 546 547 569 640 701 702 844 956 957 958 1071 1072 1084 1085 1086
120 59 77 119 120 152 257 377 378 393 547 569 640 701 706 844 847 958 990 1072 1084 1086
152 59 77 120 152 153 174 257 376 377 378 393 395 398 475 546 547 569 701 702 824 847 957 990 1072 1083 1086
153 59 77 119 120 152 153 174 175 257 377 378 393 395 546 547 569 702 824 847 1071 1072 1083 1084 1086
174 77 119 174 175 176 177 257 431 475 547 709 957 958 990 1071 1084
175 153 174 175 176 177 257 395 431 547 702 990 1084
176 77 174 175 176 177 257 395 547 569 702 956 958 990 1083 1084 1085
177 77 175 176 177 378 395 398 547 569 700 702 956 958 990 1072 1083 1084 1085
257 59 77 119 152 153 174 175 176 257 395 398 431 475 546 547 569 701 702 706 709 824 844 847 956 957 958 990 1071 1083 1084 1086
376 376 378 393 957 1086
377 77 120 152 153 376 377 378 393 395 431 475 546 547 569 701 706 957 958 1083
378 59 119 120 152 176 257 376 377 378 393 395 431 475 546 547 569 701 706 844 847 956 957 1072 1083 1084 1086
393 59 77 119 120 152 153 175 257 376 377 378 393 395 398 475 546 547 569 640 701 706 844 847 956 957 958 1072 1083 1086
395 59 77 119 120 152 153 176 177 257 378 393 395 398 399 431 475 546 547 569 640 701 702 706 824 844 847 956 957 958 990 1071 1072 1084 1085 1086
398 59 77 119 120 152 376 377 393 395 398 399 431 475 569 640 701 702 706 844 847 957 958 990 1072 1083 1084 1085 1086
399 77 119 152 257 393 395 398 399 431 475 546 569 706 844 956 957 958 990 1072 1083
431 59 77 119 153 257 378 395 398 431 475 546 547 569 640 701 702 706 844 957 958 990 1071 1072 1083 1084 1085 1086
475 59 77 119 120 152 174 175 176 177 257 377 378 393 395 398 431 475 546 547 701 702 706 957 958 990 1071 1072 1083 1084 1085 1086
546 77 119 120 152 174 175 177 257 377 378 393 395 398 431 475 546 547 569 701 702 706 847 956 957 958 990 1071 1083 1084 1086
547 77 119 120 152 176 177 257 395 398 475 546 547 569 640 701 702 706 844 847 958 990 1072 1083 1084 1085 1086
569 59 77 119 120 152 175 257 378 393 395 398 431 475 546 547 569 640 702 706 709 824 844 847 956 957 958 990 1072 1083 1084 1085 1086
640 59 77 119 257 377 378 393 395 398 399 431 475 547 569 640 701 702 706 844 957 958 990 1071 1072 1083 1084 1086
700 119 176 177 399 640 700 701 702 844 957 958 990 1071
701 59 77 119 120 153 174 175 257 377 378 395 431 475 546 547 701 702 706 824 844 847 957 958 990 1071 1083 1084 1085 1086
702 59 119 174 257 378 393 395 398 431 475 546 547 569 701 702 706 709 847 956 957 958 990 1071 1083 1084 1085 1086
706 59 77 119 120 152 153 176 257 377 378 393 395 398 399 431 475 546 547 569 640 701 702 706 847 958 1071 1072 1083 1084 1085 1086
709 376 395 546 569 700 702 706 709 824 956 957 990 1072 1085
824 59 77 120 152 153 174 257 395 569 702 824 956 957 1071 1083 1084
844 119 152 153 177 257 378 393 395 398 399 431 546 547 569 640 701 709 824 844 847 956 957 958 990 1072 1083 1085 1086
847 59 77 119 120 152 176 257 378 393 395 398 475 546 547 569 640 701 702 706 844 847 956 957 958 1071 1072 1083 1084 1085 1086
956 59 120 378 399 431 702 844 956 958 1072 1086
957 119 120 153 177 257 393 395 398 399 431 475 546 547 700 701 702 706 709 824 844 956 957 958 990 1083 1084 1085 1086
958 59 77 119 120 152 153 175 176 257 376 378 395 398 399 431 475 546 547 569 701 702 706 844 847 956 957 958 990 1072 1083 1084 1085 1086
990 59 77 120 152 153 174 176 177 257 377 395 399 431 475 546 547 700 701 702 706 957 958 990 1071 1072 1083 1084
1071 59 119 152 174 176 177 257 377 378 398 475 546 547 701 702 706 824 844 957 958 990 1071 1072 1084 1085 1086
1072 59 77 119 120 152 153 257 376 377 378 393 395 398 475 547 569 640 700 701 706 709 844 847 956 957 958 1071 1072 1083 1084 1085 1086
1083 59 119 120 152 153 175 177 257 376 377 378 393 395 398 431 475 546 547 569 640 701 702 706 709 844 956 957 958 990 1071 1072 1083 1084 1085 1086
1084 59 77 119 120 257 377 393 395 398 399 431 475 546 547 569 640 701 706 844 847 957 958 990 1071 1072 1084 1085 1086
1085 59 77 119 120 174 257 377 393 395 398 431 475 547 569 700 701 844 958 990 1083 1084 1085 1086
1086 59 77 119 120 152 153 177 257 377 378 395 398 431 475 546 547 569 701 706 844 847 957 958 990 1071 1072 1083 1084 1085 1086
