#C:\Users\Tong\files\mscProject\code\test6\algorithms\pcgce\csvif.py --input C:\Users\Tong\files\mscProject\code\test6\data\Flood\rivers_ts_flood_preprocessed.csv --output C:\Users\Tong\files\mscProject\code\test6\result\Flood\10\pcgce_adj_lag10.txt --max_lags 10 --time C:\Users\Tong\files\mscProject\code\test6\result\Flood\10\pcgce_time_lag10.txt
# GMT Wed Aug 27 08:12:19 2025
# 
59 59
77 77
119 77 119
120 120 377 378 395 824 958
152 152 153 378 393 824
153 152 153
174 174 175 176
175 174 175 176 177
176 175 176 177 700
177 174 175 176 177
257 59 257 958
376 153 177 376 378 824
377 120 377
378 120 152 376 378 393 1083
393 377 393 640 1072 1083
395 393 395
398 119 398 399 431 844 1072
399 398 399 431 844
431 77 431 844 1072
475 377 475 1085
546 257 546 701 702 847 956 1085
547 547 1085
569 569 1083 1084
640 77 640 957
700 153 177 700
701 59 547 701 702 847 990 1084
702 119 174 257 399 701 702 706 957 990 1071 1084
706 701 706 847 1083
709 709 957
824 120 152 257 376 378 475 824 1071
844 640 844 957 990 1071
847 376 569 702 847
956 257 395 431 709 956 957 958 1072
957 59 547 709 956 957 1083
958 377 378 395 398 475 958 1071
990 119 175 398 700 990
1071 77 119 398 431 546 956 958 1071 1086
1072 399 546 640 701 956 958 1072
1083 393 547 706 956 1071 1083 1086
1084 475 569 700 706 990 1071 1084
1085 59 120 378 546 547 702 706 844 1085 1086
1086 257 399 431 569 1072 1083 1086
