59 257 0.020860670134425163
176 175 0.037370502948760986
177 176 0.05394132435321808
393 378 0.027050461620092392
399 398 0.13225586712360382
640 77 0.038298361003398895
640 119 0.011644636280834675
640 398 0.011441818438470364
640 431 0.03600287064909935
640 844 0.04586347937583923
640 1072 0.024075740948319435
700 990 0.023759055882692337
702 701 0.09553827345371246
706 547 0.08231285214424133
706 1085 0.031065210700035095
844 431 0.02279961295425892
957 956 0.07597590982913971
1083 1086 0.014551203697919846
1085 546 0.022661080583930016
1086 547 0.034391697496175766
