#C:\Users\Tong\files\mscProject\code\test6\algorithms\varlingam\csvif.py --input C:\Users\Tong\files\mscProject\code\test6\data\Flood\rivers_ts_flood_preprocessed.csv --output C:\Users\Tong\files\mscProject\code\test6\result\Flood\10\varlingam_adj_lag10.txt --prune True --max_lags 10 --time C:\Users\Tong\files\mscProject\code\test6\result\Flood\10\varlingam_time_lag10.txt
# GMT Mon Aug 25 10:11:11 2025
# 
59 77 119 257 547 701 702 706 844 958 1083 1085 1086
77 59 475 547 640 701 844 1072 1084
119 59 77 475 547 640 844 847 956 958 990 1072 1086
120 77 175 377 395 547 569 701 844 847 1072 1084 1086
152 77 120 174 377 395 398 399 475 547 569 640 702 990 1072 1084 1086
153 59 77 119 175 177 393 395 399 547 702 706 824 957 1072 1084 1085
174 475 844 958
175 176 701 702 990 1071 1086
176 175 177 378 475 640 701 706 709 844 1072 1083
177 59 77 120 395 546 547 700 701 702 706 844 990 1085 1086
257 59 77 120 431 475 547 701 706 824 844 847 956 958 1071 1083 1084 1086
376 378 824 1086
377 120 152 378 475 569 958 1083 1086
378 119 152 257 376 395 547 569 824 844 1071 1083 1084
393 152 475 547 569 702 706 1072 1083
395 77 119 120 152 174 257 377 378 393 398 546 547 701 702 706 844 847 956 957 958 990 1071 1072 1085 1086
398 77 120 395 569 701 706 844 958 1072 1083 1085
399 175 547 640 844 956 1071 1072 1083
431 59 77 378 475 546 547 569 640 958 1072
475 59 77 175 257 377 395 398 399 547 640 701 702 706 824 956 957 958 1072 1084 1085 1086
546 119 398 431 475 702 844 956 958 1071 1083 1084 1086
547 475 569 958 1072 1083 1085
569 120 378 395 398 475 547 640 706 844 847 956 958 990 1072 1083 1084 1085 1086
640 59 77 119 152 175 257 395 399 431 475 569 700 702 844 957 1071 1072 1083 1085
700 176 257 399 475 640 702 844 958 990 1072 1086
701 59 77 378 395 475 546 547 702 844 958 1071 1083 1085
702 153 398 475 546 547 701 706 958 1071 1083 1085 1086
706 59 77 175 546 547 569 640 701 847 1072 1083 1086
709 59 77 153 174 395 475 546 547 569 844 957
824 152 177 395 547 640 702 1083
844 59 398 475 640 709 956 958 1072 1083 1084 1085
847 257 475 546 547 701 702 706 844 1083 1085 1086
956 120 399 1072 1086
957 120 174 395 475 546 706 844 990 1072 1085 1086
958 59 119 398 475 547 640 701 702 956 1072 1083 1084 1085 1086
990 59 77 120 257 377 395 475 546 569 640 701 702 824 844 847 956 958 1071 1083
1071 119 378 431 546 640 701 702 706 844 956 1085
1072 120 153 177 377 378 395 398 431 475 640 701 844 957 958 1083 1085 1086
1083 59 120 152 378 395 398 475 547 640 706 847 956 957 958 990 1072 1084 1085 1086
1084 77 175 395 398 475 546 547 701 958 1072 1083 1085 1086
1085 59 77 152 174 395 475 569 700 701 844 956 1086
1086 59 119 174 257 378 547 701 706 844 847 956 990 1072 1083 1085
