#C:\Users\Tong\files\mscProject\code\test6\algorithms\sinkhorn\csvif.py --mode unsupervised --random_seed 42 --input C:\Users\Tong\files\mscProject\code\test6\data\East_germany\rivers_ts_east_germany_preprocessed.csv --output C:\Users\Tong\files\mscProject\code\test6\result\East_germany\5\sinkhorn_adj_unsupervised_lag5.txt --save_path C:\Users\Tong\files\mscProject\code\test6\result\East_germany\5\sinkhorn_unsupervised_model_lag5.pth --max_lags 5 --time C:\Users\Tong\files\mscProject\code\test6\result\East_germany\5\sinkhorn_unsupervised_time_lag5.txt
# GMT Tue Aug 26 06:22:31 2025
# 
12
13
14
15
16
18
19
20
21
22
43
44
45
46
51
54
55
59
60
65
66
67
69
71
72
74
77
78
79
82
83
84
85
86
87
88 87
89
90 87 88
91
92
95
99
100
101
102 412
103
105
106
107
108 652
109
115
116 115
117
119
120
121
122
123
124
125
127
142
143
144
145
146
147
148
150
151
152
153
154
155
157
162
163
164
166
167
168 167 169
169 170 171
170 169 171
171 169 170
172 169 170 171
173 169 170 171 172
174
175
176
177
178
179
181
185
186
187
190
194
195 194
197
198
199
200
201
203
204
205 204
206
207
208 207
209
210
211
212
213
214 213
215
217
226
227
230
233
235
236
237
241
242
243
245
252
254
255
256
257
258
259
260
263
264
265
268
269
270
271
272
273
275
276
277
281
282 281
283
295
296
297
298
300
301
302
303
304
305
306
307
308
309 308
310
312
313
314
315
316
317
320
321
322
323
324 323
325
326
327
328
329
331
338
339
340
342
344
345
346 345
374
376
377
378
380
381
385
386
389
390
391
392
393
394
395
398
399
400
403
404
409
410
411
412
413
414
421
422
425
426
427
430
431
432 511 878
433
435
436
437
439
440 439
441 439
442
443 442
444
445 444
446
447
455
456
457
458 457
462
463
464
467
468
469
470
471
472
475
486
487
488
489
490
492
493 981
494
495
496
497
498 497
499
500
501
511
512
513 511 512
520
521
526
527
528
529
530
531
534
535
538
539
541
544
545
546
547
548
552
553
554
555
559
560
562 205
563
564
565
566
567
568
569
570
571
572
573
575
576
577
578
579
580
581
582
584
585
586
589 590
590 589
591 592
592 591
593
594
595
596
597
598
599
600
604
610
611
612
613
614
621
625
626
627
629
630
631
632
633
634
635
636 635
637
638
639 890
640 431
641
642
645
646
647
648
649
650
652 764
653
654
655
656
657
658
660
662
665
666
675
678
679
680
681
682
683
684
685
686
688
694
695
697
698
700
701
702
706
709
719
721 966
727 728
728 727
729 727 728
730 727 728 729
731 732
732 731
733 731 732
734
735
736
737 734 735 736
738 737
739
740
741
742
744
745
748
749
752
753
754
756
758
759
760
761
762
764
765
766
767
768
769
770
772
773
774
775
776
777
785
786
791
792 298
793
794
795
796
797
798 799
799 798
809
810
811
812
813
814
815
816
817
818
821
822
823
824
828
829
830
831
832
833
835
836 835
837
844
845
846
847
848
849
850
851
852
855
858
864
865
866
867
868
869
870
871
872
873
874
875
876
877
878 877
879
880
881
883
884
885
888
889
890
891
892
893
894
895
896
897
900
902
905
907
908
909
910
911
912
913
921
922
927
928
929
930
931
933
935
936
937
938
940
941
947
951
954
955
956
957
958
962
964
965
966
967
968
969
970
971 970
972
973
974
975 974
976
977
978
979
980
981
986
987
988
989
990
992
1003
1008
1009
1010
1011 1010
1013
1014
1015
1016
1017
1018
1019
1020
1021
1022
1023
1024
1025 1024
1032
1033 1034
1034
1035
1036
1037
1038
1039
1040
1041
1044
1048
1049
1050 1049
1054
1055
1056
1057 1056
1058
1059 1058
1060
1061 1062
1062
1063
1071
1072
1073
1074
1079
1080
1083
1084
1085
1086 1085
1087
1091
1092
1093
1094
1095
1096
1097
1098 1094
1099
1100
1101
1102
1104
1109
1110
1111
1118 115 116
1119 116 1118
1120
1121
1122
1123
1129
1130
1131
1132
1134
1135
1136 1134
1137 1135
1138
1139
1142 988
1143 989
1144
1145
1146
1147
1148
1149
1150
1151
1152
1153
1154
1155
