#C:\Users\Tong\files\mscProject\code\test6\algorithms\Dynotears\csvif.py --input C:\Users\Tong\files\mscProject\code\test6\data\Flood\rivers_ts_flood_preprocessed.csv --output C:\Users\Tong\files\mscProject\code\test6\result\Flood\5\Dynotears_adj_lag5.txt --max_lags 5 --time C:\Users\Tong\files\mscProject\code\test6\result\Flood\5\Dynotears_time_lag5.txt
# GMT Mon Aug 25 09:56:37 2025
# 
59
77
119
120
152
153
174 175 176 177
175 174 176 177 547 709
176 174 175 177
177 174 175 176
257 59 174 176 431 546 547
376
377
378
393
395
398
399
431 59 152 174 175 257 395 398 399 546 547 640 709 844 956 957 1071 1072 1083 1086
475 174 175
546 59 175 176 257 640 701 702 844 847 958 1072 1085
547 59 175 177 257 431 546 640 706 844 847 990 1083 1085 1086
569
640 1072
700 990
701 174 175 475 546 702 1071
702 546 701
706 547
709
824
844 431 1072
847
956
957
958
990 59 174 177 399 640 700 1072 1084
1071 174 177 257 378 398 431 701 702 824 956 957
1072 431 640 844 956
1083
1084
1085 546 547 990
1086 547
