#C:\Users\Tong\files\mscProject\code\test6\algorithms\mvgc\csvif.py --input C:\Users\Tong\files\mscProject\code\test6\data\Flood\rivers_ts_flood_preprocessed.csv --output C:\Users\Tong\files\mscProject\code\test6\result\Flood\5\mvgc_adj_lag5.txt --max_lags 5 --time C:\Users\Tong\files\mscProject\code\test6\result\Flood\5\mvgc_time_lag5.txt
# GMT Mon Aug 25 10:10:15 2025
# 
59 59 77 119 152 257 378 393 395 475 546 547 701 702 844 847 957 958 1071 1083 1084 1085 1086
77 59 77 119 153 174 176 257 431 475 546 547 569 824 844 847 956 990 1071 1072 1083 1084 1085 1086
119 59 77 119 152 153 174 175 257 377 393 395 398 399 431 475 547 569 640 702 844 956 957 990 1071 1072 1086
120 77 119 120 152 257 377 393 395 398 547 569 640 701 702 706 844 847 958 990 1072 1083 1086
152 59 77 120 152 153 174 177 257 376 377 378 393 395 398 475 547 569 640 701 702 958 1072 1083 1084 1086
153 59 119 120 152 153 174 175 257 377 378 393 395 431 546 547 640 702 709 824 847 957 1072 1083 1084 1085
174 77 119 174 175 176 177 257 431 475 640 709 957 958 990 1083 1085
175 119 153 174 175 176 177 395 431 547 701 957 958 990 1086
176 77 119 175 176 177 701 844 958 990 1086
177 174 176 177 378 395 398 475 547 640 700 701 702 957 958 990 1083 1084
257 59 77 119 153 174 176 257 393 395 431 475 546 547 569 701 702 706 847 956 957 958 990 1083 1084 1086
376 376 378 475 701 1083 1086
377 77 120 152 376 377 378 393 431 475 546 569 701 706 957 990 1072 1083 1086
378 77 119 120 152 376 377 378 395 475 546 547 569 640 701 956 957 1072 1083 1086
393 59 119 120 152 153 257 376 377 393 395 475 547 569 640 844 958 1072 1083 1086
395 59 77 119 152 153 176 257 378 393 395 398 399 475 546 547 569 640 701 702 706 824 844 847 956 957 958 990 1072 1083 1084 1085 1086
398 59 77 119 120 152 376 377 393 395 398 399 475 546 547 569 640 701 702 706 844 847 958 1072 1083 1084 1085 1086
399 119 395 398 399 640 706 844 956 957 958 990 1072 1083
431 59 77 152 153 257 376 377 378 395 399 431 475 546 547 640 702 706 824 844 847 957 958 990 1071 1083 1084
475 59 77 119 120 152 174 177 257 377 378 393 395 398 475 546 547 701 702 706 847 957 958 990 1072 1084 1085 1086
546 77 119 120 152 175 177 257 377 378 393 395 398 431 475 546 547 702 824 844 847 956 958 990 1071 1072 1084 1085 1086
547 77 119 120 257 475 546 547 569 640 701 702 706 844 847 957 958 990 1072 1083 1085 1086
569 59 77 119 120 175 393 395 398 431 475 546 569 640 706 824 844 847 956 957 958 990 1072 1083 1084 1085 1086
640 59 77 119 177 257 395 399 431 475 546 569 640 701 702 706 844 957 958 990 1071 1072 1083
700 119 176 257 398 399 569 640 700 702 844 957 990 1084
701 59 77 153 175 257 377 378 395 475 546 547 569 701 702 824 844 957 990 1071 1084 1085
702 59 77 153 174 175 176 257 395 398 431 475 546 547 569 701 702 706 957 958 1071 1083 1084 1085 1086
706 59 77 119 152 153 257 378 393 395 398 399 546 547 569 640 701 706 844 847 956 958 990 1071 1072 1083 1084 1085 1086
709 153 174 177 257 393 395 475 547 569 702 706 709 824 956 957 958 1072 1085 1086
824 77 120 152 153 174 257 376 377 378 398 475 569 702 824 957 990 1071 1083
844 119 153 174 177 257 378 395 398 431 547 569 640 709 824 844 956 957 958 990 1072 1083 1084 1085
847 77 119 120 152 377 378 395 398 475 546 547 569 701 702 706 844 847 956 958 990 1071 1083 1084 1085 1086
956 119 120 257 395 399 844 847 956 957 1072 1084 1086
957 119 174 177 257 393 395 399 431 475 546 547 701 702 706 709 844 847 956 957 958 990 1071 1083 1085 1086
958 59 119 153 175 176 257 393 395 398 475 546 547 569 640 701 702 706 844 956 957 958 990 1072 1083 1084 1085
990 59 77 119 174 176 257 377 378 393 547 569 640 701 702 706 847 957 958 990 1071 1083 1084 1086
1071 119 152 153 174 176 257 377 378 395 398 399 431 475 546 547 700 701 702 824 847 956 957 958 990 1071 1072 1084 1085 1086
1072 77 119 152 153 174 257 376 395 398 475 547 569 640 701 702 844 847 956 957 1071 1072 1083 1084 1085 1086
1083 59 119 120 152 153 175 177 257 377 378 393 395 398 431 475 547 569 640 701 702 706 709 844 956 957 958 990 1072 1083 1084 1085 1086
1084 59 77 119 174 377 393 395 398 399 475 547 640 701 702 844 847 957 958 990 1071 1072 1084 1085 1086
1085 59 77 120 175 257 377 378 395 398 475 547 569 700 701 824 844 958 990 1083 1085 1086
1086 59 77 119 120 152 257 377 378 398 475 546 547 569 640 701 702 706 844 847 956 958 990 1071 1072 1084 1085 1086
