#C:\Users\Tong\files\mscProject\code\test6\algorithms\pcgce\csvif.py --input C:\Users\Tong\files\mscProject\code\test6\data\Flood\rivers_ts_flood_preprocessed.csv --output C:\Users\Tong\files\mscProject\code\test6\result\Flood\5\pcgce_adj_lag5.txt --max_lags 5 --time C:\Users\Tong\files\mscProject\code\test6\result\Flood\5\pcgce_time_lag5.txt
# GMT Wed Aug 27 08:10:57 2025
# 
59 59 257
77 77 1071
119 77 119
120 120 377 378
152 152 153 393 824
153 152 153
174 174 175 176 376
175 174 175 176
176 175 176 177 700
177 174 175 176 177 990
257 59 77 257 958
376 153 177 376 378 824
377 120 377 475
378 120 152 378 393 824 1083
393 377 378 393 395 1072 1083
395 393 395
398 119 398 399 431
399 59 398 399 844
431 431 640 844 1071 1072
475 377 395 475
546 120 257 475 546 701 702 847 956 1071 1085
547 547 706
569 569 1084
640 431 640 844
700 153 177 700
701 119 547 701 702 990 1084
702 59 174 399 546 701 702 847 1084
706 706 847 958 1083
709 709 957
824 120 152 376 378 475 824 1071
844 640 844
847 847
956 257 431 709 844 956 957 958 1072
957 59 709 956 957 1085
958 119 378 395 475 956 958
990 177 398 475 700 990 1086
1071 77 119 398 431 844 958 1071
1072 77 399 640 701 1072 1083
1083 175 393 547 569 702 706 957 1072 1083
1084 569 700 990 1084
1085 59 120 257 546 547 701 706 847 1085 1086
1086 176 546 847 956 1083 1085 1086
