59 257 0.017491500824689865
174 175 0.014693688601255417
176 175 0.04668101668357849
177 176 0.01702902838587761
399 398 0.07273554801940918
640 77 0.02461419813334942
640 844 0.05373859032988548
640 1072 0.017500396817922592
700 990 0.0301738902926445
702 701 0.12581554055213928
706 547 0.07603158801794052
706 847 0.011982389725744724
706 1085 0.021260177716612816
844 431 0.03934118151664734
957 956 0.09730928391218185
1083 1086 0.015168280340731144
1085 546 0.018774377182126045
1086 547 0.021966706961393356
