#C:\Users\Tong\files\mscProject\code\test6\algorithms\VAR\csvif.py --input C:\Users\Tong\files\mscProject\code\test6\data\Flood\rivers_ts_flood_preprocessed.csv --output C:\Users\Tong\files\mscProject\code\test6\result\Flood\5\VAR_adj_lag5.txt --max_lags 5 --time C:\Users\Tong\files\mscProject\code\test6\result\Flood\5\VAR_time_lag5.txt
# GMT Mon Aug 25 09:46:10 2025
# 
59 77 119 152 174 175 176 177 257 378 395 398 399 431 475 546 547 640 700 701 702 706 824 844 847 956 957 958 990 1071 1072 1083 1084 1085 1086
77 59 119 152 153 174 175 176 177 257 378 395 398 399 431 475 546 547 569 640 700 701 702 706 824 844 847 956 957 958 990 1071 1072 1083 1084 1085 1086
119 59 77 120 152 153 174 175 176 177 257 376 377 378 393 395 398 399 431 475 546 547 569 640 700 701 702 706 709 824 844 847 956 957 958 990 1071 1072 1083 1084 1085 1086
120 59 77 119 152 153 174 175 176 177 257 377 378 393 395 398 399 431 475 546 547 569 640 700 701 702 706 709 824 844 847 956 957 958 990 1071 1072 1083 1084 1085 1086
152 59 77 119 120 153 174 175 176 177 257 377 378 393 395 398 399 431 475 546 547 569 640 700 701 702 706 709 824 844 847 956 957 958 990 1071 1072 1083 1084 1085 1086
153 59 77 119 120 152 174 175 176 177 257 377 378 393 395 398 399 431 475 546 547 569 640 700 701 702 706 709 824 844 847 956 957 958 990 1071 1072 1083 1084 1085 1086
174 175 176 177
175 174 176 177
176 174 175 177
177 174 175 176
257 59 77 174 175 176 177 395 398 399 431 475 546 547 640 700 701 702 706 847 956 957 958 990 1071 1083 1084 1085 1086
376 59 77 119 120 152 153 174 175 176 177 257 377 378 393 395 398 399 431 475 546 547 569 640 700 701 702 706 709 824 844 847 956 957 958 990 1071 1072 1083 1084 1085 1086
377 59 77 119 120 152 153 174 175 176 177 257 376 378 393 395 398 399 431 475 546 547 569 640 700 701 702 706 709 824 844 847 956 957 958 990 1071 1072 1083 1084 1085 1086
378 59 77 119 120 152 153 174 175 176 177 257 376 377 395 398 399 431 475 546 547 569 640 700 701 702 706 709 824 844 847 956 957 958 990 1071 1072 1083 1084 1085 1086
393 59 77 119 120 152 153 174 175 176 177 257 376 377 378 395 398 399 431 475 546 547 569 640 700 701 702 706 709 824 844 847 956 957 958 990 1071 1072 1083 1084 1085 1086
395 59 77 119 120 152 153 174 175 176 177 257 377 378 393 398 399 431 475 546 547 569 640 700 701 702 706 709 824 844 847 956 957 958 990 1071 1072 1083 1084 1085 1086
398 59 77 152 174 175 176 177 257 395 399 431 475 546 547 569 640 700 701 702 706 844 847 956 957 958 990 1071 1072 1083 1084 1085 1086
399 59 77 152 174 175 176 177 257 378 395 398 431 475 546 547 640 700 701 702 706 709 824 844 956 957 958 990 1071 1072 1083 1084 1085 1086
431 59 77 152 153 174 175 176 177 257 377 378 395 398 399 475 546 547 569 640 700 701 702 706 844 847 956 957 958 990 1071 1072 1083 1084 1085 1086
475 59 77 119 120 152 153 174 175 176 177 257 377 378 395 398 399 431 546 547 569 640 700 701 702 706 824 844 847 956 957 958 990 1071 1072 1083 1084 1085 1086
546 59 77 174 175 176 177 257 398 399 431 475 547 700 701 702 844 847 958 990 1071 1072 1084 1085
547 59 77 174 175 176 177 257 398 399 431 475 546 640 700 701 702 706 844 847 956 957 958 990 1071 1072 1083 1084 1085 1086
569 59 77 119 120 152 153 174 175 176 177 257 377 378 393 395 398 399 431 475 546 547 640 700 701 702 706 709 824 844 847 956 957 958 990 1071 1072 1083 1084 1085 1086
640 59 119 174 175 176 177 257 378 395 398 399 431 475 546 547 569 700 701 702 706 824 844 847 956 957 958 990 1071 1072 1083 1084 1085 1086
700 174 175 176 177 257 398 399 431 546 547 640 701 702 990 1071 1072 1084
701 59 77 174 175 176 177 257 378 395 398 399 431 475 546 547 640 700 702 824 844 847 956 958 990 1071 1072 1083 1084 1085 1086
702 59 77 152 174 175 176 177 257 395 398 399 431 475 546 547 640 700 701 706 844 956 957 958 990 1071 1072 1083 1084 1085 1086
706 59 77 119 152 153 174 175 176 177 257 377 378 395 398 399 431 475 546 547 569 640 700 701 702 709 824 844 847 956 957 958 990 1071 1072 1083 1084 1085 1086
709 59 77 119 120 152 153 174 175 176 177 257 377 378 393 395 398 399 431 475 546 547 569 640 700 701 702 706 824 844 847 956 957 958 990 1071 1072 1083 1084 1085 1086
824 59 77 119 120 152 153 174 175 176 177 257 377 378 395 398 399 431 475 546 547 569 640 700 701 702 706 709 844 847 956 957 958 990 1071 1072 1083 1084 1085 1086
844 59 77 119 152 174 175 176 177 257 378 395 398 399 431 475 546 547 569 640 700 701 702 706 847 956 957 958 990 1071 1072 1083 1084 1085 1086
847 59 77 119 120 152 174 175 176 177 257 377 378 395 398 399 431 475 546 547 569 640 700 701 702 706 709 824 844 956 957 958 990 1071 1072 1083 1084 1085 1086
956 59 77 119 120 152 174 175 176 177 257 378 395 398 399 431 475 546 547 569 640 700 701 702 706 844 847 957 958 990 1071 1072 1083 1084 1085 1086
957 59 77 119 120 152 153 174 175 176 177 257 377 378 395 398 399 431 475 546 547 640 700 701 702 706 709 824 844 847 956 958 990 1071 1072 1083 1084 1085 1086
958 59 77 119 120 152 153 174 175 176 177 257 377 378 393 395 398 399 431 475 546 547 569 640 700 701 702 706 709 824 844 847 956 957 990 1071 1072 1083 1084 1085 1086
990 59 174 175 176 177 257 431 546 547 700 701 702 956 957 1071 1084
1071 152 174 175 176 177 257 395 398 399 431 475 546 547 640 700 701 702 844 847 956 958 990 1084 1085 1086
1072 59 77 119 152 153 174 175 176 177 257 377 378 395 398 399 431 475 546 547 569 640 700 701 702 706 709 824 844 847 956 957 958 990 1071 1083 1084 1085 1086
1083 59 77 119 120 152 153 174 175 176 177 257 377 378 393 395 398 399 431 475 546 547 569 640 700 701 702 706 709 824 844 847 956 957 958 990 1071 1072 1084 1085 1086
1084 59 77 119 152 174 175 176 177 257 378 395 398 399 431 475 546 547 640 700 701 702 709 824 844 847 956 957 958 990 1071 1072 1085 1086
1085 59 77 119 120 152 174 175 176 177 257 395 398 399 431 475 546 547 569 640 700 701 702 706 824 844 956 957 958 990 1071 1072 1083 1084 1086
1086 59 77 119 120 152 153 174 175 176 177 257 377 378 395 398 399 431 475 546 547 569 640 700 701 702 706 709 824 844 847 956 957 958 990 1071 1072 1083 1084 1085
