#C:\Users\Tong\files\mscProject\code\test6\algorithms\varlingam\csvif.py --input C:\Users\Tong\files\mscProject\code\test6\data\Flood\rivers_ts_flood_preprocessed.csv --output C:\Users\Tong\files\mscProject\code\test6\result\Flood\5\varlingam_adj_lag5.txt --prune True --max_lags 5 --time C:\Users\Tong\files\mscProject\code\test6\result\Flood\5\varlingam_time_lag5.txt
# GMT Mon Aug 25 09:46:09 2025
# 
59 77 119 175 257 378 547 640 701 702 956 957 958 1083 1084 1085 1086
77 59 175 431 475 546 640 701 844 1071 1084
119 59 77 475 640 844 847 956 958 990 1072 1083 1085 1086
120 59 175 377 395 546 569 640 701 844 847 958 1072 1083 1084 1086
152 77 119 120 174 377 395 398 399 475 546 569 640 701 702 824 957 990 1072 1083 1086
153 77 119 120 152 175 257 378 395 399 431 475 547 702 706 709 956 957 1072 1083 1085 1086
174 176 257 376 377 378 395 475 706 844 847 956 958 1071 1072 1084 1086
175 153 176 257 431 547 701 844 957 958 990 1071 1085 1086
176 77 152 174 175 177 378 431 475 640 701 706 709 1083 1086
177 77 120 377 395 700 701 702 706 958 1085 1086
257 59 77 120 152 153 431 475 546 547 701 706 847 956 957 958 1071 1084 1086
376 378 701 1086
377 120 152 175 378 395 399 475 546 569 701 706 958 990 1083 1086
378 59 77 119 152 376 377 395 547 569 706 956 1071 1083 1084 1085
393 59 120 152 395 475 547 569 640 702 706 957 1071 1072 1083
395 77 120 152 174 176 257 378 393 475 546 640 701 702 706 956 957 958 990 1071 1072 1083 1085 1086
398 77 119 120 377 395 475 569 701 706 847 956 957 958 1072 1083 1085 1086
399 120 175 377 395 431 640 706 844 956 958 990 1071 1072 1084 1085
431 59 77 174 377 378 395 475 546 569 640 702 706 844 958 990 1083 1085 1086
475 59 77 119 175 177 257 377 378 399 431 547 701 702 706 847 956 958 1071 1072 1084 1085 1086
546 59 77 152 177 475 547 706 844 847 956 958 990 1071 1083 1084 1086
547 431 475 569 640 701 844 956 958 1072 1083 1085
569 119 120 395 398 399 475 706 709 847 956 958 990 1072 1083 1084 1085 1086
640 59 77 119 174 175 257 378 395 399 431 701 844 847 956 957 1071 1072 1083 1085 1086
700 120 152 257 399 475 640 701 844 958 1084 1086
701 77 475 546 702 1071 1085 1086
702 59 119 153 376 398 431 475 546 547 700 701 706 709 958 1071 1083 1084 1085 1086
706 59 77 152 395 475 547 640 701 702 847 957 958 1072 1083 1085 1086
709 77 120 174 378 395 399 475 546 569 640 957 990 1086
824 59 152 153 175 376 395 398 640 701 702 956 958 1072 1083 1086
844 59 77 119 395 398 431 475 547 640 700 701 706 709 956 958 1072 1083 1084 1085
847 120 176 378 475 547 569 701 702 706 844 1083 1084 1085 1086
956 120 399 475 569 1071 1072 1084 1085 1086
957 174 395 431 475 546 701 706 844 958 1083 1085 1086
958 59 395 399 431 475 569 640 701 702 847 956 990 1071 1072 1083 1084 1085
990 59 77 153 257 377 431 475 546 547 569 640 701 706 824 844 847 956 958 1071 1083 1084
1071 120 175 176 378 475 546 701 702 844 847 956 957 1072 1085 1086
1072 153 177 377 398 431 475 640 702 706 844 847 957 958 1083 1084 1085 1086
1083 59 77 120 152 175 376 377 378 395 475 547 640 701 702 706 844 847 956 957 958 990 1084 1085 1086
1084 77 174 175 475 546 547 569 640 701 702 958 1071 1072 1083 1085 1086
1085 77 119 152 174 257 395 431 475 569 700 701 844 956 958 1083 1086
1086 59 77 119 174 257 398 431 546 547 701 706 847 956 957 990 1071 1083 1085
