#C:\Users\Tong\files\mscProject\code\test6\algorithms\cLSTM\csvif.py --input C:\Users\Tong\files\mscProject\code\test6\data\Flood\rivers_ts_flood_preprocessed.csv --output C:\Users\Tong\files\mscProject\code\test6\result\Flood\3\cLSTM_adj_lag3.txt --max_lags 3 --time C:\Users\Tong\files\mscProject\code\test6\result\Flood\3\cLSTM_time_lag3.txt
# GMT Wed Aug 27 09:35:26 2025
# 
59 59 77 119 120 152 153 174 175 176 177 257 376 377 378 393 395 398 399 431 475 547 569 640 700 701 702 706 709 824 844 847 956 957 958 990 1071 1072 1083 1084 1085 1086
77 77 59 119 120 152 153 174 175 176 177 257 376 377 378 395 398 399 475 546 547 569 640 700 701 702 706 709 824 844 847 956 957 958 990 1071 1072 1083 1084 1085 1086
119 119 59 77 120 152 153 174 175 176 177 257 376 377 378 393 395 398 399 431 475 546 547 569 640 700 701 702 706 709 844 847 956 957 958 990 1071 1072 1083 1084 1085 1086
120 120 59 77 119 152 153 174 175 176 177 257 376 377 378 393 398 399 431 475 546 547 569 640 700 701 702 706 709 824 844 847 956 957 958 990 1071 1072 1083 1084 1085 1086
152 152 59 77 119 120 153 174 175 176 177 257 376 377 378 393 395 398 399 431 475 546 547 569 640 700 701 702 706 709 824 844 847 956 957 958 990 1071 1072 1083 1084 1085 1086
153 153 77 120 152 174 175 176 177 257 376 377 378 393 395 398 399 431 475 546 547 569 640 700 701 702 706 709 824 844 847 956 957 958 990 1071 1072 1083 1084 1085 1086
174 174 59 77 119 152 153 175 176 177 376 377 378 393 395 398 399 431 475 546 547 569 640 700 701 702 706 709 824 844 847 957 958 990 1071 1072 1083 1084 1085 1086
175 175 59 77 119 120 152 153 174 176 177 257 376 377 378 393 395 398 399 431 475 546 547 569 640 700 701 702 706 709 824 844 847 956 957 958 990 1071 1072 1083 1084 1085 1086
176 176 59 119 120 152 153 174 175 177 257 376 377 378 393 395 398 399 431 475 546 547 569 640 700 701 702 706 709 824 844 847 956 957 958 990 1071 1072 1083 1084 1085 1086
177 177 59 77 119 120 152 153 174 175 176 257 376 377 378 393 395 398 399 431 475 546 547 569 640 700 701 702 706 709 824 844 847 956 957 958 990 1071 1072 1083 1084 1085 1086
257 257 59 77 119 120 152 153 174 175 176 177 376 377 378 393 395 398 399 431 475 546 547 569 640 700 701 702 706 709 824 844 847 956 957 958 990 1071 1072 1083 1084 1085 1086
376 376 59 77 119 120 152 153 174 175 176 177 257 377 378 393 395 398 399 431 475 546 547 569 640 700 701 702 706 709 824 844 847 956 957 958 990 1071 1072 1083 1084 1085 1086
377 377 59 77 119 120 152 153 174 175 176 257 376 378 393 395 398 399 431 475 546 547 569 640 700 701 702 706 709 824 844 847 956 957 958 990 1071 1072 1083 1084 1085 1086
378 378 59 77 119 120 152 153 174 175 176 177 257 376 377 393 395 398 399 431 475 546 547 569 640 700 701 702 706 709 824 844 847 956 957 958 990 1071 1072 1083 1084 1085 1086
393 393 59 77 119 120 152 153 174 175 176 177 257 376 377 378 395 398 399 431 475 546 547 569 640 700 701 702 706 709 824 844 847 956 957 990 1071 1072 1083 1084 1085 1086
395 395 59 77 119 120 152 153 174 175 176 177 257 376 377 378 393 398 399 431 475 546 569 640 700 701 702 706 709 824 844 847 956 957 958 990 1071 1072 1083 1084 1085
398 398 59 77 119 120 152 153 174 175 176 177 257 376 377 378 393 395 399 431 475 546 569 640 700 701 702 706 709 824 844 847 956 957 958 990 1071 1072 1083 1084 1085 1086
399 399 59 77 119 120 152 153 174 175 176 177 257 376 377 378 393 395 398 431 475 546 547 569 640 700 701 702 706 709 824 844 847 956 957 958 990 1071 1072 1083 1084 1085 1086
431 431 59 77 119 120 152 153 174 175 176 177 257 376 377 378 393 395 398 399 475 546 547 569 640 700 701 702 706 709 824 844 847 956 957 958 990 1071 1072 1083 1084 1085 1086
475 475 59 77 119 120 152 153 174 175 176 177 257 376 377 378 393 395 398 399 431 546 547 569 640 700 701 702 706 709 824 844 847 956 957 958 990 1071 1072 1083 1084 1086
546 546 59 77 119 120 152 153 174 175 176 177 257 377 378 393 395 398 399 431 475 547 569 640 700 701 702 706 709 824 844 847 956 957 958 990 1071 1072 1083 1084 1085 1086
547 547 59 77 119 120 152 153 174 175 176 177 257 376 377 378 393 395 398 399 431 475 546 569 640 700 701 702 706 709 824 844 847 956 957 958 990 1071 1072 1083 1084 1085 1086
569 569 59 77 119 120 152 153 174 175 176 177 257 377 378 393 395 398 399 431 475 546 547 640 700 702 706 709 824 844 847 956 957 958 990 1071 1072 1083 1084 1085 1086
640 640 59 77 119 120 152 153 174 175 176 177 257 376 377 378 393 395 398 399 431 475 546 547 569 700 701 702 706 709 824 844 847 956 957 958 990 1071 1072 1083 1084 1085 1086
700 700 59 77 119 120 152 153 174 175 176 177 257 376 378 393 395 398 399 431 475 546 547 569 640 701 702 706 709 824 844 847 956 957 958 990 1071 1072 1083 1084 1085 1086
701 701 59 77 119 120 152 153 174 175 176 177 257 376 377 378 393 395 398 431 546 547 569 640 700 702 706 709 824 844 847 956 957 958 990 1071 1083 1084 1085 1086
702 702 59 77 119 120 152 153 174 175 176 177 257 376 377 378 395 398 399 431 475 546 547 569 640 700 701 706 709 824 844 847 956 957 958 990 1071 1072 1083 1084 1085 1086
706 706 59 77 120 152 153 174 175 176 177 257 376 377 378 393 395 398 399 431 475 546 547 569 640 700 701 702 709 824 844 847 956 958 990 1071 1072 1083 1084 1085 1086
709 709 59 77 119 120 152 153 174 175 176 177 257 376 377 378 393 395 398 399 431 475 546 547 569 640 700 701 702 706 824 844 847 956 957 958 990 1071 1072 1083 1084 1085 1086
824 824 59 77 119 120 152 153 174 175 176 177 257 376 377 378 393 395 398 399 431 475 546 547 569 700 701 702 706 709 844 956 957 958 990 1071 1072 1083 1084 1085 1086
844 844 59 77 119 120 152 153 174 175 176 177 257 376 377 378 393 395 398 399 431 475 546 547 569 640 700 701 702 706 709 824 847 956 957 958 990 1071 1072 1083 1084 1085 1086
847 847 59 77 119 120 152 153 174 175 176 257 376 377 378 393 395 398 399 431 475 546 547 569 700 701 702 706 709 824 844 956 957 958 990 1071 1072 1083 1084 1085 1086
956 956 59 77 119 120 152 153 174 175 176 177 257 376 377 378 393 395 398 399 431 475 546 547 569 640 700 701 702 706 709 824 844 847 957 958 990 1071 1072 1083 1084 1085 1086
957 957 59 77 119 120 152 153 174 175 176 177 257 376 377 378 393 395 398 399 431 475 546 547 569 640 700 701 702 706 709 824 844 847 956 958 990 1072 1083 1084 1085 1086
958 958 59 77 119 120 152 174 175 176 177 257 376 377 378 393 395 398 399 431 475 546 547 569 640 700 701 702 706 709 824 844 847 956 957 990 1071 1072 1084 1085 1086
990 990 59 77 119 120 152 153 174 175 176 177 376 377 378 395 398 399 431 475 546 547 569 640 700 701 702 706 824 844 847 956 957 958 1071 1072 1083 1084 1085 1086
1071 1071 59 77 119 120 152 153 174 175 176 177 257 376 377 378 393 395 398 399 431 475 546 547 569 640 700 701 702 706 709 824 844 847 956 957 958 990 1072 1083 1084 1085 1086
1072 1072 59 77 119 120 152 153 174 175 176 177 257 376 377 378 393 395 398 399 431 475 546 547 569 640 700 701 702 706 709 844 847 956 957 958 990 1071 1083 1084 1085 1086
1083 1083 59 77 119 120 152 153 174 176 257 376 377 378 393 395 398 399 431 475 546 547 569 640 700 701 702 706 709 824 844 847 956 957 958 990 1071 1072 1084 1085 1086
1084 1084 59 77 119 120 152 153 174 175 176 177 257 376 377 378 393 395 398 399 431 475 546 547 569 640 700 701 702 706 709 824 844 847 956 957 958 990 1071 1072 1083 1085 1086
1085 1085 59 77 119 120 152 153 174 175 176 177 257 376 377 378 393 395 398 399 431 475 546 547 569 700 701 702 706 709 824 844 847 956 957 958 990 1071 1072 1083 1084 1086
1086 1086 59 77 119 120 152 153 174 175 176 177 257 376 377 378 393 395 398 399 431 475 546 547 569 640 700 701 702 706 709 824 844 847 956 957 958 990 1072 1083 1084 1085
