#C:\Users\Tong\files\mscProject\code\test6\algorithms\cMLP\csvif.py --input C:\Users\Tong\files\mscProject\code\test6\data\Flood\rivers_ts_flood_preprocessed.csv --output C:\Users\Tong\files\mscProject\code\test6\result\Flood\3\cMLP_adj_lag3.txt --max_lags 3 --time C:\Users\Tong\files\mscProject\code\test6\result\Flood\3\cMLP_time_lag3.txt
# GMT Wed Aug 27 09:34:32 2025
# 
59 59 77 257 399 547 702 957 958 1085
77 77 59 119 257 702 1071 1072
119 119 77 398 431 957 990 1071
120 120 77
152 152
153 153
174 174 175 176
175 175 59 174 176 177 475
176 176 119 175 177 701
177 177 59 175 176 700 701
257 257 59 77 119 431 546 956 958
376 376
377 377 120 475
378 378 376 958
393 393 152 378 395
395 395 431 956 957 958 1072
398 398 119 399 431 569 702 844 1071 1072
399 399 398 844
431 431 119 398 844 1072
475 475 77 119 701 702 958 1084
546 546 176 257 701 702 956 1085
547 547 59 257 431 706 1085
569 569 1084
640 640 59 77 119 174 257 706 844 957 1072
700 700 59 119 177 701 990
701 701 59 119 177 475 546 702 1071 1085
702 702 77 177 475 546 701 1085
706 706 547 847 1085 1086
709 709 957
824 824 257
844 844 59 77 119 398 399 431 569 957 990 1072
847 847 77 176 546 547 706 958 1085
956 956 119 399 546 547 957 1085
957 957 119 956
958 958 59 77 119 257 395 847 956 957 1071
990 990 59 77 119 176 177 700 701 1084
1071 1071 77 119 431 701 702
1072 1072 77 119 395 398 431 844
1083 1083 59 547 640 844 957 1086
1084 1084 475 701 990
1085 1085 59 177 257 431 546 547 701 702 847
1086 1086 547 706 844 1085
