#C:\Users\Tong\files\mscProject\code\test6\algorithms\Dynotears\csvif.py --input C:\Users\Tong\files\mscProject\code\test6\data\Flood\rivers_ts_flood_preprocessed.csv --output C:\Users\Tong\files\mscProject\code\test6\result\Flood\3\Dynotears_adj_lag3.txt --max_lags 3 --time C:\Users\Tong\files\mscProject\code\test6\result\Flood\3\Dynotears_time_lag3.txt
# GMT Mon Aug 25 09:43:28 2025
# 
59 547
77
119
120
152
153
174 175 176 177
175 174 176 177
176 174 175 177
177 174 175 176
257 59 174 176 431 546 547 1085
376
377
378
393
395
398 431
399
431 59 77 152 174 175 177 257 395 398 399 547 640 701 706 709 844 956 957 1071 1072 1083 1085 1086
475 174 701
546 59 152 175 176 257 547 640 701 702 844 847 958 990 1084 1085
547 59 175 177 257 431 546 640 706 844 847 1071 1072 1083 1085 1086
569
640 431 547 844 1072
700 990
701 174 175 431 475 546 702 1071 1084
702 174 475 546 701 1071
706 547
709
824
844 431 547 640 1072
847
956 431
957
958
990 59 174 177 475 640 700 701 702 1072 1084
1071 152 174 177 257 378 398 399 431 547 701 702 824 844 956 957 990 1072
1072 431 546 640 844 956 1071
1083
1084
1085 177 257 546 547 706 1071 1086
1086 547
