#C:\Users\Tong\files\mscProject\code\test6\algorithms\mvgc\csvif.py --input C:\Users\Tong\files\mscProject\code\test6\data\Flood\rivers_ts_flood_preprocessed.csv --output C:\Users\Tong\files\mscProject\code\test6\result\Flood\3\mvgc_adj_lag3.txt --max_lags 3 --time C:\Users\Tong\files\mscProject\code\test6\result\Flood\3\mvgc_time_lag3.txt
# GMT Mon Aug 25 09:45:38 2025
# 
59 59 77 119 175 257 377 378 393 395 431 475 547 701 702 706 844 957 958 990 1083 1084 1085
77 59 77 119 153 431 475 546 547 569 702 824 844 1071 1072 1083 1084 1085
119 59 119 120 152 153 177 257 377 393 399 431 475 640 844 847 956 957 990 1071 1072 1083 1086
120 77 119 120 153 257 377 378 395 398 431 547 569 640 701 706 709 844 847 958 1072 1083 1084
152 77 120 152 153 174 257 376 377 378 393 475 546 569 640 701 702 706 824 1083 1086
153 119 152 153 174 257 376 377 378 393 431 475 546 547 640 824 957 1072 1083 1085 1086
174 77 119 174 175 176 177 398 431 475 701 702 844 957 1083 1084
175 119 153 174 175 176 257 377 398 547 701 702 844 957 958 1071 1072 1086
176 119 174 175 176 177 701 844 957 958 990 1084 1086
177 175 176 177 378 395 475 547 640 700 701 824 844 957 958 1083 1086
257 59 77 119 152 153 174 257 393 431 475 546 547 569 701 706 847 956 957 958 990 1084 1086
376 77 177 257 376 378 475 824 1083 1086
377 120 152 153 175 376 377 378 393 395 431 475 546 569 701 706 990 1083 1085 1086
378 59 77 119 152 177 376 377 378 395 475 547 956 1072 1083 1085 1086
393 59 119 120 152 177 257 393 395 475 546 547 640 958 1072 1083
395 59 120 152 153 257 378 393 395 398 431 475 546 547 640 701 702 706 824 844 956 957 958 990 1071 1072 1083 1084 1086
398 77 119 120 152 376 377 393 395 398 475 569 640 701 702 706 844 847 958 1071 1072 1083 1085 1086
399 119 393 395 398 399 431 569 640 706 844 956 958 990 1072 1083
431 59 77 152 153 177 257 376 377 378 395 431 475 546 640 702 706 824 844 958 990 1071 1084 1086
475 59 77 119 152 174 177 257 377 378 393 395 398 431 475 547 569 701 702 706 958 990 1071 1072 1085 1086
546 59 77 119 120 152 177 257 377 378 398 431 475 546 547 702 844 847 956 958 1071 1072 1086
547 119 120 152 257 393 398 431 475 546 547 569 640 844 957 958 1072 1085
569 59 119 120 393 395 398 475 569 706 709 824 847 956 957 958 990 1083 1084 1086
640 77 119 176 177 257 395 399 475 569 640 701 706 844 957 1071 1072 1083 1085
700 176 257 399 640 700 701 702 844 957 958 990
701 77 153 174 175 257 377 395 431 475 546 547 569 701 702 824 956 958 1071 1083 1085
702 59 153 174 395 398 431 475 547 569 701 702 706 957 958 1071 1083 1085 1086
706 59 77 119 152 257 376 395 398 399 431 546 547 640 701 706 844 847 956 1072 1083 1084 1085 1086
709 174 177 257 395 475 546 547 569 706 709 824 956 957 1072 1083 1084 1085 1086
824 152 153 174 257 376 378 398 431 475 569 701 702 824 957 990 1083
844 77 119 153 177 257 378 393 395 431 475 547 569 640 701 702 709 824 844 956 957 958 990 1072 1083 1084
847 119 176 377 378 395 398 475 547 701 702 706 844 847 956 958 1071 1083 1084 1085 1086
956 77 120 395 399 569 844 847 956 957 1072 1084 1086
957 59 119 174 257 393 395 399 431 475 546 547 702 706 709 844 847 956 957 958 1072 1083 1084 1085 1086
958 59 119 120 152 177 257 393 395 398 399 475 569 640 701 702 706 709 824 844 847 956 957 958 990 1072 1083 1084 1085 1086
990 77 119 120 152 174 257 378 393 547 569 640 701 702 957 958 990 1071 1083 1086
1071 77 119 153 175 399 431 475 546 701 702 824 847 956 957 958 1071 1072 1084 1085 1086
1072 77 153 376 377 395 398 431 640 700 701 702 824 844 847 956 957 958 1072 1083 1084
1083 59 119 120 152 153 175 177 257 376 377 378 393 395 431 547 569 640 701 702 706 709 844 956 957 958 990 1072 1083 1084 1085 1086
1084 77 174 377 398 399 431 475 547 701 702 957 958 990 1071 1072 1083 1084 1086
1085 59 77 119 120 174 175 257 377 378 398 475 569 700 701 702 824 844 958 990 1085 1086
1086 59 77 119 153 257 377 378 398 475 546 547 640 702 706 709 844 847 956 958 990 1071 1083 1084 1085 1086
