#C:\Users\Tong\files\mscProject\code\test6\algorithms\pcgce\csvif.py --input C:\Users\Tong\files\mscProject\code\test6\data\Flood\rivers_ts_flood_preprocessed.csv --output C:\Users\Tong\files\mscProject\code\test6\result\Flood\3\pcgce_adj_lag3.txt --max_lags 3 --time C:\Users\Tong\files\mscProject\code\test6\result\Flood\3\pcgce_time_lag3.txt
# GMT Wed Aug 27 08:09:41 2025
# 
59 59 257
77 77 119 475 1071
119 77 119
120 120 376 377
152 152 153 393 824
153 152 153
174 174 175 176
175 174 175 176
176 175 176 177 990
177 175 176 177 700
257 59 77 257 958
376 153 177 376 378 824
377 120 377 475 847
378 120 152 378 393 824 1083
393 377 378 393 395 1072 1083
395 393 395
398 119 398 399
399 59 398 399 844
431 431 844 1071
475 377 475 702
546 120 257 546 701 706 847 956 1071 1085
547 547 701 706 847 1085
569 569 1083 1084
640 431 546 640 844 990
700 153 177 700
701 119 547 701 702 990 1084
702 399 702 1084
706 706 847 1083
709 709 957
824 120 152 376 378 824 1071
844 640 844
847 847
956 257 431 640 709 956 957 958
957 59 395 709 956 957
958 378 395 546 547 702 956 958
990 174 177 700 701 702 990
1071 77 119 395 398 431 546 844 958 1071 1072
1072 399 475 640 1072 1083
1083 77 393 547 569 706 1072 1083 1086
1084 59 569 700 1084
1085 59 257 546 547 1085 1086
1086 1083 1085 1086
