59 257 0.022340048104524612
174 175 0.031293511390686035
175 176 0.027068257331848145
176 175 0.11062075942754745
177 176 0.04379657655954361
395 958 0.010255764238536358
398 569 0.012667831964790821
399 398 0.062245357781648636
640 77 0.02769077755510807
640 431 0.010239803232252598
640 844 0.036079708486795425
640 1072 0.01707962341606617
700 990 0.048970021307468414
702 701 0.09462542086839676
706 547 0.0759485587477684
706 1085 0.023549554869532585
844 431 0.02786085568368435
957 956 0.08713296800851822
1083 547 0.0135840754956007
1083 1086 0.010277454741299152
1085 546 0.04271571710705757
1086 547 0.015344783663749695
