#C:\Users\Tong\files\mscProject\code\test6\algorithms\varlingam\csvif.py --input C:\Users\Tong\files\mscProject\code\test6\data\Flood\rivers_ts_flood_preprocessed.csv --output C:\Users\Tong\files\mscProject\code\test6\result\Flood\3\varlingam_adj_lag3.txt --prune True --max_lags 3 --time C:\Users\Tong\files\mscProject\code\test6\result\Flood\3\varlingam_time_lag3.txt
# GMT Mon Aug 25 09:35:28 2025
# 
59 77 257 377 378 395 399 547 640 701 702 824 957 958 990 1083 1085
77 59 152 431 475 546 547 640 701 702 844 1071 1084
119 77 257 377 398 431 475 546 547 640 844 847 956 957 958 990 1072 1083 1085 1086
120 77 177 257 395 398 547 569 640 701 847 956 958 990 1071 1072 1083 1084
152 59 120 153 176 257 377 393 398 399 431 475 546 569 640 701 702 824 844 847 957 1071 1072 1083 1086
153 59 77 120 152 175 257 377 378 395 431 475 547 701 702 706 824 844 847 957 990 1072 1083 1084 1085
174 59 77 176 177 376 377 378 398 399 475 547 640 701 702 709 824 844 956 990 1072 1083 1084 1085 1086
175 153 176 431 547 569 701 702 844 957 958 1071 1072 1086
176 152 177 378 431 475 546 640 701 709 844 956 957 1072 1083 1086
177 59 77 119 174 377 395 546 640 700 701 702 706 844 956 958 1083 1085 1086
257 59 119 120 152 153 174 399 431 475 546 547 640 701 706 824 847 956 957 958 1072 1084 1086
376 152 378 398 546 701 824 1071 1086
377 120 152 257 378 395 398 399 475 546 569 701 824 958 990 1072 1083 1084 1085 1086
378 59 119 152 174 177 257 376 377 395 398 475 546 547 569 640 706 847 957 1083 1084 1085
393 59 120 152 257 377 378 395 475 546 547 569 702 956 957 1071 1072 1083
395 59 77 119 120 152 174 176 177 257 378 398 399 431 475 546 547 640 701 702 706 824 844 956 957 958 990 1071 1072 1083 1085 1086
398 59 77 120 377 395 475 546 569 701 702 706 847 956 957 958 1072 1083 1085 1086
399 59 152 257 377 395 431 546 640 701 706 824 844 956 958 990 1072 1084 1085
431 59 77 153 257 377 395 398 399 475 546 547 640 702 706 956 957 958 1085 1086
475 59 77 119 152 174 175 177 257 377 378 395 398 399 431 547 640 701 702 706 824 847 956 957 958 1071 1072 1083 1084 1085 1086
546 175 177 257 398 431 475 547 640 702 824 844 847 956 958 1071 1083 1084 1086
547 59 257 431 475 546 569 640 701 702 844 956 957 958 1071
569 59 120 395 398 475 547 640 706 709 847 956 957 958 990 1083 1084 1086
640 77 119 152 153 174 257 378 395 399 431 475 569 701 702 706 844 847 956 957 958 1071 1072 1085 1086
700 257 399 475 546 640 702 844 957 958 1084
701 77 177 377 475 546 702 824 956 958 1071 1084 1085
702 59 152 153 376 398 431 475 546 547 701 706 709 844 958 990 1071 1072 1083 1084 1085 1086
706 59 77 152 177 257 395 431 475 546 547 640 701 702 847 957 958 1072 1083 1085 1086
709 59 77 120 175 177 378 393 395 398 431 475 546 569 701 824 844 956 957 958 990 1071 1086
824 59 77 152 153 176 376 378 395 398 475 640 701 702 706 956 958 990 1072 1083 1086
844 59 77 119 378 395 398 431 475 546 547 640 700 701 702 709 956 958 1072 1083 1084 1085 1086
847 59 119 120 152 378 475 546 547 701 702 706 824 844 956 957 958 990 1071 1083 1084 1085 1086
956 120 399 475 569 1072 1084 1085 1086
957 59 152 174 395 398 431 475 546 547 702 706 844 990 1071 1072 1085 1086
958 59 119 152 395 398 399 431 475 546 640 701 702 824 844 847 956 990 1072 1083 1084 1085
990 59 77 119 152 153 257 377 378 393 395 398 431 475 546 547 569 640 701 702 824 844 847 956 957 958 1071 1083 1084 1085 1086
1071 59 119 120 152 174 176 377 378 399 475 546 547 640 701 702 706 824 844 847 956 957 958 1072 1083 1085 1086
1072 77 152 153 177 377 393 398 431 547 569 640 701 706 824 844 847 956 957 958 990 1083 1084 1085 1086
1083 59 77 120 152 175 176 177 377 378 393 395 475 547 569 640 701 702 844 847 956 957 958 990 1071 1072 1084 1085 1086
1084 77 177 399 431 475 546 547 569 640 702 824 844 958 990 1072 1083 1085 1086
1085 59 119 152 174 377 431 475 569 701 702 844 956 990 1084 1086
1086 59 77 119 152 174 257 378 398 431 475 546 547 701 702 706 847 956 958 990 1071 1072 1083 1085
