#C:\Users\Tong\files\mscProject\code\test6\algorithms\Dynotears\csvif.py --input C:\Users\Tong\files\mscProject\code\test6\data\Flood\rivers_ts_flood_preprocessed.csv --output C:\Users\Tong\files\mscProject\code\test6\result\Flood\15\Dynotears_adj_lag15.txt --max_lags 15 --time C:\Users\Tong\files\mscProject\code\test6\result\Flood\15\Dynotears_time_lag15.txt
# GMT Mon Aug 25 11:06:19 2025
# 
59
77
119
120
152
153
174 175 176 177 475
175 174 176 177
176 174 175 177 990
177 174 175 176
257 59 174 176 546
376
377
378
393
395
398
399
431 59 152 175 176 257 395 398 399 547 640 844 956 957 1071 1072 1083
475
546 59 174 175 176 177 257 431 547 640 701 702 844 847 956 958 1071 1072 1083 1084 1085
547 59 176 257 431 546 640 702 706 844 847 990 1071 1083 1085 1086
569
640
700 174 990
701 475 546 702
702 701
706
709
824
844 431
847
956
957
958
990 59 174 175 177 546 547 640 700 701 702 1072 1083 1084
1071 174 177 546 701 702
1072 431 640 844
1083
1084
1085 546 547
1086
