#C:\Users\Tong\files\mscProject\code\test6\algorithms\mvgc\csvif.py --input C:\Users\Tong\files\mscProject\code\test6\data\Flood\rivers_ts_flood_preprocessed.csv --output C:\Users\Tong\files\mscProject\code\test6\result\Flood\15\mvgc_adj_lag15.txt --max_lags 15 --time C:\Users\Tong\files\mscProject\code\test6\result\Flood\15\mvgc_time_lag15.txt
# GMT Mon Aug 25 12:27:03 2025
# 
59 59 77 119 152 153 176 257 378 393 395 398 431 475 546 547 569 640 701 702 706 844 847 957 958 1071 1072 1083 1084 1085 1086
77 59 77 119 153 174 176 398 475 546 547 569 701 702 706 844 847 956 957 958 990 1071 1072 1083 1084 1085 1086
119 59 77 119 120 152 153 174 175 177 257 377 378 393 395 398 399 431 475 546 569 640 700 701 702 844 847 956 957 958 990 1072 1083 1084 1085 1086
120 59 77 120 152 257 377 378 393 546 547 569 701 702 706 844 847 958 990 1072 1084
152 59 77 119 120 152 153 177 257 376 377 378 393 395 398 431 475 546 547 569 640 702 824 844 847 957 958 1072 1083 1084 1086
153 59 77 119 120 152 153 174 175 177 257 377 393 395 398 431 546 547 569 701 702 824 844 847 957 958 1071 1083 1084 1086
174 77 119 174 175 176 177 257 431 475 547 701 957 958 990 1071 1084
175 77 153 174 175 176 177 257 395 546 547 701 709 957 958 990 1084
176 77 119 175 176 177 393 431 475 546 547 569 956 958 990 1083 1084
177 77 175 176 177 257 395 475 569 700 702 847 957 958 990 1072 1083 1084 1085 1086
257 59 77 119 152 153 174 257 393 395 398 431 475 546 547 569 701 702 706 844 847 956 957 958 990 1071 1072 1083 1084 1086
376 376 378 393 844 990 1072
377 77 120 152 257 376 377 378 393 395 547 569 701 706 957 958 1071 1083 1084
378 59 119 152 376 377 378 393 395 431 475 546 547 569 701 702 706 824 844 847 956 957 958 990 1071 1072 1083 1084
393 59 77 119 120 152 153 175 177 257 376 377 378 393 395 398 475 546 547 569 640 702 706 844 847 956 957 958 1071 1072 1083 1084 1085 1086
395 59 77 119 120 152 153 174 176 257 377 378 393 395 398 399 431 475 546 547 569 640 701 702 706 844 847 956 957 958 990 1071 1072 1083 1084 1085 1086
398 59 77 119 120 152 175 257 377 378 393 395 398 399 547 569 700 701 702 706 709 844 847 956 957 958 990 1072 1083 1084 1085 1086
399 77 119 152 153 257 393 395 398 399 431 475 546 547 569 640 706 844 956 957 958 990 1072 1083 1084 1086
431 77 119 153 257 378 395 398 399 431 475 546 547 569 640 701 702 706 844 957 958 990 1071 1072 1083 1084 1085 1086
475 59 77 119 120 152 153 174 176 177 257 377 378 393 395 398 431 475 546 547 569 700 701 702 706 844 956 957 958 990 1072 1083 1084 1085 1086
546 77 119 120 152 153 175 176 257 377 395 398 431 475 546 547 569 701 702 706 847 956 957 958 990 1071 1083 1084 1086
547 59 119 120 152 153 176 257 377 395 398 431 475 546 547 569 701 702 706 844 847 957 958 990 1072 1083 1084 1085 1086
569 59 77 119 120 152 175 176 257 378 393 395 398 399 431 475 546 547 569 640 701 702 706 709 824 844 847 956 957 958 990 1071 1072 1083 1084 1085 1086
640 77 119 152 153 257 377 378 393 395 398 399 431 475 547 569 640 701 702 706 844 847 957 958 990 1071 1072 1083 1084 1085 1086
700 77 119 176 177 257 395 398 399 546 569 640 700 701 702 844 847 958 990 1083 1086
701 59 77 119 174 175 257 377 378 395 431 475 546 547 700 701 702 824 844 847 958 990 1071 1072 1083 1085 1086
702 59 77 119 174 175 176 257 378 393 395 431 475 546 547 569 701 702 706 847 956 957 958 990 1071 1072 1083 1084 1085 1086
706 59 77 119 120 152 257 377 378 395 398 399 431 475 546 547 569 640 701 702 706 844 847 958 1071 1072 1083 1084 1085 1086
709 152 175 395 569 700 709 824 956 957
824 77 120 152 153 174 257 377 700 702 824 1072 1083
844 119 152 153 175 176 177 257 376 378 393 395 398 399 431 475 546 547 569 640 701 702 706 844 847 956 957 958 990 1071 1072 1083 1084 1085 1086
847 77 119 120 152 176 257 378 393 395 399 431 475 546 547 569 640 701 702 706 844 847 956 958 990 1072 1083 1084 1085 1086
956 119 395 399 431 475 547 701 702 844 956 958 1071 1072 1083 1086
957 77 119 152 174 175 176 177 257 378 393 395 398 399 431 475 546 569 700 701 702 706 709 956 957 958 990 1071 1072 1083 1084 1086
958 59 77 119 120 152 153 175 176 257 378 393 395 398 399 431 475 546 547 569 640 701 702 706 844 847 957 958 990 1071 1072 1083 1084 1085 1086
990 59 77 119 152 174 175 176 177 257 377 378 395 398 431 475 547 569 640 700 702 706 847 957 958 990 1071 1072 1083 1084 1086
1071 119 152 174 176 177 257 378 395 398 399 475 546 547 569 700 701 702 706 824 844 957 958 990 1071 1072 1083 1084 1085 1086
1072 59 77 119 120 152 153 257 376 377 378 393 395 398 399 431 475 547 569 640 700 701 702 706 844 847 956 957 958 990 1071 1072 1083 1084 1085 1086
1083 59 119 120 152 153 175 176 177 257 376 377 378 393 395 398 399 431 475 546 547 569 640 701 702 706 709 844 847 956 957 958 990 1071 1072 1083 1084 1085 1086
1084 59 77 119 120 153 176 257 377 378 393 395 398 399 431 475 546 569 701 702 706 844 847 957 958 990 1071 1072 1084 1085 1086
1085 59 77 119 120 153 174 257 378 393 395 398 431 475 547 569 640 700 701 702 706 844 847 958 990 1083 1084 1085 1086
1086 59 77 119 152 177 257 378 395 398 475 546 547 569 701 702 706 844 847 957 958 990 1071 1072 1083 1084 1085 1086
