#C:\Users\Tong\files\mscProject\code\test6\algorithms\pcgce\csvif.py --input C:\Users\Tong\files\mscProject\code\test6\data\Flood\rivers_ts_flood_preprocessed.csv --output C:\Users\Tong\files\mscProject\code\test6\result\Flood\15\pcgce_adj_lag15.txt --max_lags 15 --time C:\Users\Tong\files\mscProject\code\test6\result\Flood\15\pcgce_time_lag15.txt
# GMT Wed Aug 27 08:13:47 2025
# 
59 59 257 569
77 77 119 958
119 77 119
120 120 376 377 378 395 706 824
152 152 153 378 393 824
153 152 153
174 174 175 176 376 990
175 174 175 176 177 700
176 174 175 176 177
177 174 175 176 177 475
257 59 257
376 153 177 376 378 824
377 120 377
378 152 376 378 393 1083
393 152 377 393 640 1083
395 393 395 640
398 119 398 399 431 844 956 1072
399 59 399 431 844
431 77 398 431 844
475 377 475 1085
546 59 257 546 547 701 702 956 957 958 1085
547 547 706 1086
569 569 1083 1084
640 640 844 847
700 153 177 700 701
701 701 702 990 1084
702 119 399 702 958 1071 1084
706 706 847
709 709
824 120 152 257 376 378 475 824 958 1071
844 431 640 844
847 702 847
956 257 395 431 709 956 957 958 1072
957 709 956 957
958 378 395 399 958 1071
990 175 700 990
1071 77 119 257 398 431 546 547 956 958 1071 1072
1072 475 640 847 1072 1083 1086
1083 393 546 700 706 1071 1072 1083 1085
1084 119 398 569 640 700 702 990 1084 1086
1085 59 120 378 546 547 706 844 847 957 1085 1086
1086 120 547 569 701 706 1072 1083 1086
