59 257 0.02537662908434868
176 175 0.05520709604024887
177 176 0.05875970050692558
393 378 0.020511088892817497
399 398 0.08169420063495636
640 77 0.048823051154613495
640 119 0.015427508391439915
640 398 0.012389708310365677
640 431 0.019238218665122986
640 844 0.05956367775797844
640 1072 0.02942369505763054
700 990 0.023951534181833267
702 701 0.10527163743972778
706 547 0.08654090017080307
706 847 0.015046615153551102
706 1085 0.03838450834155083
709 957 0.012406427413225174
844 431 0.03013772889971733
957 956 0.08678572624921799
1083 1086 0.015224995091557503
1085 546 0.02182801067829132
1086 547 0.04345115274190903
