#C:\Users\Tong\files\mscProject\code\test6\algorithms\varlingam\csvif.py --input C:\Users\Tong\files\mscProject\code\test6\data\Flood\rivers_ts_flood_preprocessed.csv --output C:\Users\Tong\files\mscProject\code\test6\result\Flood\15\varlingam_adj_lag15.txt --prune True --max_lags 15 --time C:\Users\Tong\files\mscProject\code\test6\result\Flood\15\varlingam_time_lag15.txt
# GMT Mon Aug 25 10:48:11 2025
# 
59 77 257 475 547 701 706 844 957 958 1083 1085 1086
77 59 257 475 844 1071 1072 1083 1084 1086
119 59 77 152 176 257 377 475 547 640 844 958 990 1072 1083 1086
120 257 378 395 431 475 546 569 844 847 990 1072 1086
152 120 174 377 378 395 398 475 547 569 702 956 957 958 990 1072 1083 1084 1086
153 59 77 152 257 395 398 431 701 702 706 844 847 1072 1084 1085
174 177 475 844 958 990
175 177 431 546 702 1085 1086
176 59 177 378 431 640 701 709 1072 1083
177 59 77 120 377 378 395 546 700 701 702 844 1085 1086
257 59 77 119 120 152 395 431 475 547 701 702 706 847 956 990 1072 1083 1084 1086
376 378 1083
377 120 152 378 398 475 569 958 990 1083 1084 1086
378 119 120 152 257 376 395 398 475 569 701 706 844 957 958 990 1071 1083
393 152 257 395 475 547 702 706 1072 1083
395 59 119 120 152 174 378 393 398 431 546 547 640 701 702 706 844 847 956 957 958 990 1071 1072 1083 1085 1086
398 77 152 395 547 569 702 706 844 957 958 1072 1083 1085 1086
399 59 395 640 702 706 844 956 1072 1086
431 174 378 398 475 546 547 640 701 706 958 1072 1086
475 59 77 152 153 175 377 378 395 398 399 431 547 701 702 706 847 957 958 990 1072 1084 1085 1086
546 59 119 177 257 398 431 475 569 956 958 990 1072 1083 1084 1086
547 152 257 431 475 569 958 1083
569 120 152 257 395 398 475 547 706 844 847 958 990 1072 1083 1084 1085 1086
640 119 175 378 395 399 431 475 546 844 847 956 990 1071 1072 1083 1085 1086
700 257 399 475 844 990 1086
701 77 378 398 431 475 546 702 844 958 990 1071 1085
702 59 119 152 431 475 546 547 701 706 958 1071 1072 1083 1085
706 59 77 152 547 569 640 702 709 847 1072 1086
709 59 77 153 395 475 569 957 990 1085 1086
824 152 395 398 547 640 702 1072 1083
844 59 398 547 640 706 956 958 1072 1083 1084 1086
847 257 377 475 546 547 701 702 706 844 1083 1085 1086
956 395 399 702 1072 1086
957 120 257 378 395 475 546 547 701 706 709 844 990 1072
958 59 119 174 257 378 395 398 431 475 547 640 701 702 847 957 990 1083 1084 1085 1086
990 59 77 120 377 378 393 395 431 475 546 547 640 701 844 847 957 958 1071 1083 1086
1071 378 431 701 702 844 956 957 958 1083 1085 1086
1072 59 152 153 377 378 395 431 475 547 640 844 847 957 958 1083 1085
1083 59 152 378 395 398 431 475 547 640 701 706 847 957 958 990 1072 1084 1085 1086
1084 59 152 174 378 395 398 475 547 701 709 958 1083 1085 1086
1085 59 77 152 174 257 377 395 431 475 547 569 640 701 702 844 990 1083 1086
1086 59 119 257 378 546 547 706 844 847 956 958 990 1072 1083 1085
